Weight Change Low Carb (lb)
4.5
-12.26
-6.58
-25.24
-9.44
-1
-12.07
-18.55
-20.91
-13.65
-0.7
-18.9
-14.65
-28.39
-7.43
2.1
4.32
-3.68
-35.14
-7.58
-7.88
-17.37
-11.23
-23.35
-5.27
-17.06
-31.62
-17.53
2.76
-17.15
-4.64
-2.13
-13.18
-17.36
-19.44
-4.56
-25.69
-10.34
-16.62
-39.77
-29.74
-2.49
-15.47
-3.81
8.89
4.05
-5.29
-8.77
-15.49
5.26
-6.24
-26.98
-15.05
-35.72
-15.52
-43.61
2.17
-20.68
-18.27
-15.21
-6.05
-5.28
-6.57
-19.94
-29.21
-17.78
-9.97
-22.87
-14.03
-26.91
-13.33
-11.72
-14.94
-15.15
7.44
-4.29
-0.2
-24.05
-11.3
0.31
-13.89
-38.18
-9.19
-35.55
-22.73
2.29
-6.01
-0.43
-9.63
-14.52
-24.06
5.44
-12.7
-21.61
-3.09
-0.64
8.99
-20.29
-17.81
-18.11
-17.63
-17.52
-16.69
3.67
-21.4
-17.78
-5.58
-0.05
-22.28
-19.18
-7.09
-1.3
-16.17
-29.99
6.8
3.59
-21.55
-13.99
-33.85
-6.55
5.67
-32.42
-22.36
-20.74
-21.21
-37.06
-7.36
-31.18
-13.52
-6.28
-15.55
-2.77
-13.53
-20.82
-5.65
-18.31
7.55
-13.44
-3.23
-10.82
-48.48
-29.24
-18.2
-10.45
-40.68
-1.96
-20.31
-22.05
-31.46
-30.27
-12.57
-7.26
-37.81
-25
-6.95
-18.54
12.15
1.37
-6.25
-13.17
-9.95
-21.5
-5.87
4.12
-0.53
-22.76
-32.2
-14.51
-8.06
2.61
-28.68
-8.96
-10.49
0.77
-13.55
-17.42
-26.67
-19.29
-17.47
14.32
15.45
-15.18
-25.46
-36.35
-7.2
-26.01
13.55
-23.61
-11.93
31.43
-26.22
-9.62
-26.2
-9.15
-23.46
-12.32
-16.71
-27.1
-13.1
-1.61
5.45
-29.32
-16.15
0.36
-26.29
-42.86
-24.2
-24.56
-12.67
-17.96
-10.51
-18.18
-8.84
-17.52
0.72
-21.87
-9.82
-23.6
-10.79
-13.79
-32.97
-14.92
0.6
-5.24
-11.55
-27.2
0.48
-12.3
-18.52
6.02
-22.25
-9.67
1.79
-6.17
-16.83
-18.13
-9.07
-7.21
-13.01
2.22
-14
-21.44
-6.93
-39.03
-8.63
-7.4
-15.86
-26.32
-17.86
4.94
-21.94
-40.55
-3.71
-19.1
-19.22
-27.47
-13.49
-5.01
-20.11
-20.34
-0.38
-16.13
-15.1
-20.56
-2.67
-24.88
-3.27
-3.79
-18.71
-3.28
-1.66
-6.48
10.5
-36.23
-26.88
-29.36
-11.26
5.34
6.44
-7.5
-2.93
-14.93
-7.73
-8.82
-22.15
-16.67
-14.81
3.11
-25.38
-38.01
-4.22
-22.79
-18.34
-2.62
-22.17
-17.22
4.38
-7.04
-6.87
-14.83
-26.55
-30.77
-15.85
10.23
