Weight Change Low Fat (lb)
-19.04
-9.53
-21.49
7.04
-7.82
-21.32
-5.96
-3.02
-4.93
-15.27
6.06
-7.11
-18.98
-37.68
1.52
-12.21
-11.87
-0.6
-2.04
-4.71
-0.9
-2.5
-10.81
-35.04
-4.41
-12.34
-13.51
-28.95
-17.3
-6.78
4.27
-12.89
-7.13
-12.32
-27.85
-16.56
-16.31
-12.38
1.23
-2.73
-13.62
-14.66
-3.5
-5.15
-19.77
-19.99
-7.4
-2.66
-13
-1.34
-7.01
-18.87
-7.68
-24.94
5.14
11.56
-16
-23.94
-5
-13.27
16.51
-12.15
-3.59
-11.36
-20.41
-9.47
-32.87
5.52
-9.89
13.82
-6.1
-20.02
-4.51
-22.65
-26.4
-8.26
-16.89
-11.67
-10.81
-18.61
-18.36
-13.27
2.15
-29.57
-4.71
-7.78
0.8
-15.26
-7.34
-8.55
-18.05
2.5
1.94
-3.46
6.94
-5.13
-26.67
-18.41
-26.06
-17.24
-18.97
-11.19
-22.38
-9.83
-19.37
9.06
-3.27
-1
-7.17
8.06
-19.15
-17.1
5.13
-19.32
-14.12
-16.3
-15.44
-14.96
-5.88
-13.77
-17.62
4.08
-14.2
-13.79
-12.86
-3.32
-12.55
-12.13
-19.69
-15.49
-10.98
-18.6
-5.44
-29.51
-8.09
-29.72
-15.22
-17.89
-19.34
-12.35
-34.16
2.13
-31.23
-17.13
-24.78
-20.5
12.82
-11.48
-26.79
-30.94
-6.4
-11.9
-15.42
-22.59
-29.15
-24.31
0.06
-18.98
-27.94
10.26
-6.69
-14.49
0.74
-1.28
-18.95
14.21
-14.68
-28.41
-13.38
-9.25
15.41
-10.44
-6.32
-12.59
-15.61
-12.09
-2.44
12.68
0.38
2.5
-26.14
-0.13
-9.1
-28.91
-5.57
-13.55
5.51
-20.68
-16.74
-22.56
-13.76
-6.97
-20.27
-1.94
-25.87
-23.99
5.23
-23.61
-6.85
-16.16
-6.88
8.14
6.94
-15.57
-38.51
17.64
-3.85
-5.33
-11.84
-5.7
-13.61
-6.75
-16.38
-27.77
-0.09
6.16
-15.31
-26.4
-4.14
-12.21
-32.03
-11.66
-19.08
-15.69
-25.26
9.48
-15.57
-30.53
-9.37
-8.59
-23.26
-45.6
-19.2
-4.99
-12.39
-12.84
-5.1
-25.61
1.19
-11.75
-3.38
0.46
-9.06
-22
1.97
-35.17
-18.08
-14.69
-13.63
0.3
-10.09
-6.9
-12.5
-14.59
-3.52
1.77
-39.9
-4.96
-7.29
-16.68
-0.52
-16.25
-15.02
-1.62
8.5
-8.51
-16.64
-25.64
-15.57
-22.72
-14.72
-7.05
-21.68
19.42
-9.85
1.58
-38.56
-2.99
-27.14
-0.89
-7.01
-16.47
3.86
-19.92
-18.5
-23.44
-19.53
-0.59
-6.59
0.12
-16.26
-7.27
-8.82
-28.43
9.19
-10.11
-2.7
-0.47
-12.28
-15.27
-1.19
-23.98
11.46
-16.19
7.73
